100107609
100109119
100129671
100366446
100379396
100411590
100429166
100489574
100751034
100824171
100963621
101186480
101380470
101409481
101551328
101656995
101792584
101821926
101844250
101970854
101972038
102011208
102044019
102097939
102168714
1021712
10217485
102435957
102558773
102566193
102643430
102670681
102776113
102833138
102870325
102965926
103046938
103109266
103198383
103314180
103527084
103680006
103752390
103772889
103797256
103843131
103859289
103866080
103910329
104019669
10402253
104186149
104186365
104298281
104311975
104327427
104674025
104732319
104745428
104849342
104942533
105025706
105094520
105141831
105170701
105212560
1053997
105479404
105536147
105597976
105647912
105694256
105752956
105885632
106127328
10622067
106360759
106613687
106707652
106756143
106907695
107142313
107204345
107249929
107359538
107499016
107793789
107957200
108012155
108028496
108084117
10835733
108408088
108525069
108559228
108726254
108739993
108802884
108878749
109116470
109126394
109234020
109479098
109534700
109596179
109660258
109780548
109869504
109917961
110041787
110072776
110240712
11032859
110364341
110499509
110504998
11072409
111049187
111087280
111401348
111602146
11165321
111760548
111861631
111919671
112203641
112207616
112297058
112380692
112417506
112561311
112681172
112762526
112788188
112833939
112913372
11292391
11302511
113027892
113089161
113120820
113137988
113193393
113223860
113296426
11333747
113494923
113693608
113759518
113783822
113833474
114022216
114112510
11414048
114199918
114231733
114493358
114528942
114552645
114571831
114654321
114766349
114850046
114971619
114994301
11503430
115059714
115212170
115224190
115309939
115314640
115360267
115472892
115723141
115884783
115927938
116176442
116182805
116254304
116338306
116540815
116652299
116695986
116852930
116856322
116908150
116920836
116938102
117032922
117108021
117118971
117155188
117165373
117194565
117212148
117362174
117398480
117546448
117562787
117726495
117767982
117836538
117976454
118001764
118096603
118677519
118750107
11879409
11891670
11892580
11893318
118969336
118984208
119091541
11927532
119389266
119416993
119439843
11945066
119550898
119570885
119639681
119641658
119719616
119753718
119905031
120225674
120244750
120433852
120510345
120551414
120599174
120600758
120777460
12078277
120836842
120860542
121114424
12126645
121579715
121672756
121779638
12192134
12200153
122250298
122263520
122289613
122342107
122346815
122459812
122521836
122596658
12266435
122696324
1227574
123297544
123357804
123395250
123628887
123636398
123694641
123734465
123872900
123923576
123927161
12395258
124105213
124164595
124251266
12427889
124295942
124396065
124418011
124653429
124903549
125138527
125163406
125272498
125382626
125465686
125489000
125553144
125567781
125576789
125700891
125715402
125775400
125819041
125868595
125905820
125989140
126024396
12632689
12635506
126360063
126427476
126787814
127076386
127278777
127406509
127675025
127778233
128022185
12808218
128087541
1281244
128290697
128366476
128388519
12840811
128432899
128523224
128933597
12902589
129252857
129382663
129463669
129573621
129573924
129604154
12969883
129722418
129888149
129965928
130428508
130467579
130483962
130588846
130717469
130801543
130924511
130928031
131101112
131203697
131270663
131416380
13160769
131646755
131656891
131741057
131770357
131886539
131914932
1319153
132010905
132077642
132177467
132220493
13229751
132301893
132436377
132620524
132687419
132749263
132909912
132943324
132945217
133298581
13331732
133494847
133507676
133639222
133664677
133718237
133870799
133957082
133958444
134098846
13410421
13410841
134143803
134180344
134224226
134231733
134243622
134249334
134460836
134494005
134502015
134672368
134712486
134804202
134851229
134968947
135000266
135111736
135278249
135308055
135350653
13543789
135493943
135526719
135530394
135565917
135676243
135723627
135726009
135853027
135934340
136122109
136309031
136329958
136431522
13643225
136487663
136502535
136551408
13655264
136567834
136675689
136733977
136906634
136946569
13715378
137229793
137260667
137369140
137384378
137460896
137600020
137662040
137846706
137859703
137896470
137910218
137933519
137969622
138016117
138089773
138195734
138201833
138520534
13874582
13896066
139009618
139026529
139239405
139244593
139245096
139320563
139437603
139464628
13951485
139681886
139697406
139710706
139757886
139968734
140022813
140090951
140198812
140397196
140422764
140481826
140508001
140520482
140716238
140717935
140874481
141041098
141086962
141139120
141219309
141351362
141353377
141455069
141557088
141594954
141710061
141729569
141738728
141747601
141863137
142007557
142095783
142148222
14232668
142333064
142709497
142712968
14280407
142831977
142891220
142928591
142973638
143008923
143009721
143131834
143220648
143269400
143433000
143474260
143482169
143881321
143887802
144006600
144237183
144339917
144358516
144449692
144652774
144874982
144963471
145008569
145023624
145077702
14507997
145080780
145143541
145339847
145371229
145385275
145514706
145682140
145848734
145924969
14605006
146104935
14620194
146209402
14625187
146286545
146397897
146565686
146685029
146744314
146753975
146754726
14682990
146997562
147205385
147235876
147315872
147704338
14773050
147774612
14844048
148508563
148528461
14854304
148574400
148620733
14864926
148666271
148875722
148914267
149051196
149273847
149654841
149696428
14981796
150126799
150443403
150522033
150588716
150679864
150698914
150770007
150928054
150942423
150980140
151076129
1510983
151137631
15116552
151303666
151350835
151363493
151368708
151465029
151523464
151582056
151592144
151598675
151786653
151804777
152207687
152308889
152327532
152585746
152723007
152746223
152791643
15281677
152954205
152964711
152980798
153167781
153248869
153546290
153645514
153695116
153701623
154056458
154056522
154067117
154272076
154287368
154406711
15442887
154486548
154549757
154723733
154807257
155025681
155109611
155279977
155435203
155531163
155749653
155751248
155923774
155926701
156176777
15618957
156193240
156520846
156536161
156560699
156738670
156744178
156866827
15698878
157119586
157122318
157303345
157328089
157371681
15743275
157476864
157536911
157618182
157705789
157769796
157776946
157791504
157837580
158006647
158070187
158123878
158166389
158238726
158308608
158364415
158469348
158557962
158604969
158643169
158650592
158701657
158781356
158819997
158869716
158924406
158958862
159060938
15931321
159366420
159640223
159679062
159722587
159806362
159872346
159898701
159914915
159962137
15998864
16004179
160050871
1601401
160155475
160277017
160279408
160284943
160339329
160379235
160562946
160654256
160768275
16082536
1612682
161290945
161415228
161444300
161764384
161880848
161948788
162115594
162183610
162299450
162323604
162378647
162510478
162560919
162565303
162619944
16264026
162653886
162682778
162799759
16284173
162850336
162863893
16296677
163036328
163126651
163141597
163165657
163173038
163276700
163288734
163734786
163839425
164012470
164074393
164133241
164136096
164138294
16430241
164345265
164399230
164432251
164526361
164580425
164648429
164679914
164750083
164761526
164976167
164988458
16499586
165028081
165033426
165160697
165239619
16527288
165385505
165484508
165568982
165574793
165590393
165622030
165698268
165711787
165762459
165882582
165968842
166146413
166247251
166283379
166301095
16632199
166381357
166458795
166489301
16655625
166682149
166700450
16684770
167008645
167040698
167081912
167218319
167366135
167408144
16742855
167437506
167504288
167575161
167814976
167970047
168027442
168127392
168292144
168328766
168378060
168558780
168571519
16858751
168622615
168656142
16882272
168965610
168975909
169058774
169168814
169297962
169330855
169541117
169577376
169623872
169688520
169705132
170081320
170185420
170299334
170327247
170361574
170417280
17058613
170949232
1709521
170958585
170965263
17118402
171263787
171298612
171605524
171652249
171656309
171684013
171703125
171802905
171884588
172209451
172222095
172294936
172376089
172395639
172435905
172618559
172899293
17298800
17314153
173212421
173288301
173325206
173357277
173383135
173443152
173450568
173517297
173668549
173890398
174143446
174176661
174197497
17435178
174649458
174681350
174773211
174807816
175029151
175059954
175098652
175334539
17533628
175354135
175383803
175660746
175796319
175996066
176008028
176037588
176131242
176154957
176259186
176447658
176492717
176561891
176692834
176770395
176778905
176897013
177022199
177186741
177306264
177598191
17770470
177900105
177905460
177965619
177986609
178033015
178056452
178074056
178114507
178169795
178180666
178290407
178373373
178427355
1784310
178481253
178623131
178830704
178832061
179058468
179125722
179172094
179211222
179237417
179321822
179418431
179568019
179624699
179725557
179729805
179928248
179940795
179999447
180049741
180081034
180095589
180111343
180381794
180404862
18048866
180550220
180632901
180697429
18079828
180838797
180858559
180938464
181015308
181028911
181190820
181199100
181760890
181811525
181816729
181859263
182046592
18227960
182313783
182388885
182399482
182606887
182623519
182672292
182673478
18272673
182728202
182761441
182766663
182813467
182834021
182895250
182945145
182960869
183000477
183110025
183199363
183216511
183285148
183315546
183339696
183529952
183540354
183574290
183679970
183933620
183941744
184116603
18423837
184293294
184304625
184369478
184457347
184551932
184573175
184667698
184739191
184744202
184762170
185055830
185223347
185268048
185270859
185301837
185386507
185461774
185651666
185848903
185989384
186044192
186056604
186254239
186301810
186306638
186683435
186692536
186771395
186868951
186917816
187007878
187014845
187027513
187042518
187157274
187420914
187467621
187496578
187579768
187811120
188294451
188334333
188385527
188395945
188610811
188647999
188707979
188758606
188792018
188806591
18918967
18927120
189327599
189465500
189566575
189666684
189708901
189713811
189878888
190058278
19018443
190196063
190215580
190232675
19027476
190324732
190371824
190377121
19040174
190408455
19052238
190576253
190596363
190686283
190720299
190762990
190806821
19088034
190884495
190885008
190941018
190982580
19121524
191375891
191448796
191631202
19168630
191742060
191749053
19175107
191797673
191806515
191875069
191990910
192015782
192021345
19203425
192108457
192135249
192165666
192187212
192230628
192340150
192508617
192558482
192595419
192624690
192632503
192687449
192773574
192867639
192990768
192995714
193010836
193066170
193095742
19311528
193306959
193470654
193644607
193719151
193842667
193849193
193872401
193939201
193977311
194100380
194152744
194211515
194259603
194274103
194275341
194443452
194579660
194678986
194716661
194936094
195004065
195092016
195126898
19514618
195255845
195257135
195309538
195328936
195404952
195500742
195503758
19556478
19557526
195578274
195690639
195850091
195995101
196002543
196116326
196140726
196549249
196586887
196866460
196906774
197111268
197125921
197127829
19723815
197252608
197345653
197428060
197437379
197442082
197446081
197767758
19793553
198047002
198139419
198258875
198302566
19838377
198456295
198502163
198710920
198781812
198784649
198811558
198952902
199042933
199169441
199479919
199568400
199656671
199850258
19992352
200038087
200158612
200195782
200260489
200283592
200299680
200364635
200601925
200640267
200655895
200658877
200940117
201033641
201137074
201143404
201275879
201471727
201581593
201861354
201965048
202076200
202094031
20217687
202290027
202383589
202537602
202545238
202584525
202601931
202741093
202819681
20286450
202914264
20306032
203136672
203210805
203349495
203574167
203740140
20385300
203903474
203911799
204102152
204261120
204386730
204609752
205035702
20505636
205191089
205208966
205330361
205569932
205583232
205623579
205640388
205795523
20581198
20582073
205829265
205887841
205901623
205905957
205931955
205934028
206353472
206624475
206819296
206852524
206856137
206859039
206872929
207073530
207104173
207153890
207298259
2073937
207509345
2075734
207642880
20765267
207710429
207800163
208073408
208222736
208418066
208510395
208601579
208633896
208776900
208841288
208994718
209050104
209108520
209143606
209191064
209260514
209442496
20951863
209652825
209674887
209810393
209856629
209861272
209912908
210024356
210247905
210325361
210335539
210339535
210359639
210441254
210449969
210498199
210552515
210996601
211056819
211093642
211113470
2112401
211246743
211282200
21135141
211369582
211453876
211581208
211656169
211865647
211929846
211993338
212088451
212118547
212137040
212312240
212538064
21258795
212722503
212793760
212932910
212938300
212954068
212979277
21300554
213219009
213352925
213355581
213416220
213497682
213534587
213590413
213716711
213841231
213844196
213968176
213975527
21400152
214052241
214139300
214187119
214195982
214258037
214392198
214739564
214752227
214831338
214850482
214924547
214976973
215007089
215017664
215034957
215055986
215067101
215188671
215292438
215352276
2158196
21584647
215855726
215869620
215885673
215985037
216058784
216475647
216744958
216927001
216965858
21721392
217218123
217348513
217464326
217499677
21750557
217590748
21760889
217654065
217663926
217714548
217782631
217797097
217818764
21793852
217963806
21799346
218102501
218250120
218279442
218301018
21834506
218357204
218397517
218430715
218461741
218472436
218574884
218589573
218591070
218739991
218775062
218804602
218875936
218977202
218993643
219009295
21908950
219116899
219140486
219257670
219264717
219329574
219609131
219623778
219648726
219830343
219835868
220019307
220296051
220435475
220550858
220581558
220696814
220917113
220917571
220941517
220962071
221233395
221267710
221456151
221510681
221546747
221658758
221745119
221790042
221838863
221927771
221931407
2220095
222057841
222306780
222363001
222503787
222529448
222609836
222678197
222683538
222823313
222956436
223034513
223092293
223174413
223320679
223461039
223466122
223509384
223661440
223717254
223758136
223767309
22402271
22402650
224188764
224243231
224318999
224514549
224946783
224953585
225076666
225156927
225282692
225395100
225434407
225440224
225481880
225514082
225534734
225542774
225552861
225625364
225755817
225813453
225896641
225949320
226005344
226030794
226395183
226456811
226489506
226568699
226585104
226605010
22662141
226688376
226740148
226770261
22690431
227035642
227069855
227111018
227218048
227304319
22746514
227503442
227578526
227623256
227637787
227709040
227711990
227731452
227863931
227900619
227930434
227932376
228046479
228109909
228132519
228218122
228306932
228585453
228631952
228750026
228911382
228952876
229118520
229125350
229231408
229307509
229474891
229623599
229692719
229716564
229756529
229795733
229918557
229969643
230077967
230172589
230196705
230371749
230387128
230439760
230500949
230525704
230738140
230746686
230754131
230806918
231108584
231298325
231332257
231530432
231559418
231564955
231745977
231777099
231878678
231897022
232059361
232089831
232097405
232226602
232230779
232271205
232369496
232370543
232375517
232381957
232447163
232578822
232657345
232708534
232780422
232873007
232921403
232929201
23293013
232985122
232994455
233005387
233150288
233171893
233220290
233328066
233366460
233770304
233878870
234035749
234200091
234206709
234319108
234773269
234795290
234835408
234885418
234926743
234936942
235021827
235104758
235205261
235307481
235388122
235598593
235621955
235820813
235946185
236044402
236048560
236114764
236164519
236181779
236307250
236315444
236318116
236335624
236597601
236606083
236709913
23681423
236883377
236988188
237057885
23724781
237326187
237430892
237506974
237510133
237523299
237768080
237910519
237997752
238067009
238319378
2384218
238422742
238476759
238512011
238580304
238815629
238820574
238822539
238887550
23888765
238928573
239088651
23910225
23937757
23942232
239483186
239541365
239630864
239766862
239790332
239891380
240011227
240024443
240344254
240408931
240644177
24065959
241033249
241191240
241230417
241572127
241631290
241960448
241972973
242072177
242103489
242135387
242352047
242413485
242550598
242572061
242668651
242677701
242742981
242755886
242856395
242946480
24300106
243043295
243045725
243048860
243058425
243146897
243263652
243308805
243315726
24335691
243513502
24368760
243756552
243777228
243918241
243942631
244010498
244017159
244025623
244042144
244137498
244234872
244364720
244420533
244458837
244467916
244565044
244573020
244581415
24469418
244781122
244900198
24508538
24509453
245095830
245338112
245535958
245763033
245791551
245928014
245964136
246143276
246186509
2462662
246477625
246524417
246659345
246724659
24682607
246869718
247535274
247592867
247735160
247963147
247986229
248104545
248113558
248171302
248171625
248216452
248362443
248363903
248510696
248522400
248522582
248561303
248712809
248918533
248961749
249033471
249170007
249350212
249357391
249366416
249385892
249574082
249619447
249621059
249797761
249867186
249886171
250139690
250148504
250166446
25019455
250210605
250283223
250306057
250307932
250342731
250459232
250524718
250618923
250728055
250744432
250788895
250810042
250887102
250902641
250902751
25098796
251200122
251264045
251271524
251551855
251576432
251774717
251789486
25183126
25205941
252191389
252213270
252246037
252578648
252599476
25261356
25277955
252914588
252915165
252992028
25300628
253138994
253141411
253271696
253306775
253322872
253344697
253749207
253753089
253815231
253895139
254124519
25415827
254175021
254212856
254258868
254275016
254315701
254369652
254377334
254414219
254586273
254663590
254767380
254773076
254853847
254927817
255187384
255225633
2554725
255655051
255668579
255719702
255735368
255751543
255775898
255819966
256038496
256103477
256108968
256274205
256284343
25630601
256399434
256475667
256481275
256513242
256612273
256694069
256978685
256995807
25701667
257140829
257224512
257332343
2573841
257389776
25753953
25759636
257615057
257971992
258113989
25814410
258287253
258439744
258480290
258543568
258573281
25865801
258710923
258728522
258842136
258845549
258866153
25897396
258990682
25899488
259045082
259186184
259235803
259323025
259414804
25942580
259478608
259615387
259664629
259774162
259793293
259839855
259873632
2600029
260007829
260042665
260055917
260057706
260244100
260266955
260412645
260581901
260599042
260667037
260931523
260955709
261012901
261133572
261245968
261388052
261412107
26144405
261456765
261472431
261518380
261643675
261650227
261746387
261821541
261898927
261946333
262107535
262135510
262180898
262249654
262503856
262604540
262637532
262757568
262758539
262799470
262845006
262927607
262936578
262937976
262944410
263025840
263115731
263243093
263247570
26325088
263260919
263283423
263359028
26342155
263674103
26376053
263849065
263930915
263931680
263932464
264318908
26455482
264684939
264730359
264735228
2650301
265171415
265247775
265267923
26536230
26560916
26561571
265717955
265810472
265810625
265895755
265958943
265962661
2660551
266058413
266090721
266134494
266243490
2662490
266299899
266354255
266444326
266446661
266458663
26647485
266475107
266587656
266588944
266628890
266668075
266754971
26676491
266783867
266800682
266928645
266939803
267002537
267015535
267045500
267228519
267258169
267429204
267461949
267466027
267512931
267535679
267654822
267674101
267687427
267729974
268138160
268150286
268268054
2682912
268308797
268352010
26934355
269951
27316259
27583120
2773431
27801531
27919514
2812937
28177913
28447921
2846243
28470365
28474120
28610228
28626794
28813942
28859606
28867622
29042851
29047616
29050209
29053301
29135341
29261813
2959466
29639589
29714622
29717500
29888920
29897030
29918592
29937726
30047844
30076578
30125102
30198645
30225099
30253220
30399274
30402542
3041532
30473416
30565676
30580119
30720073
30728775
30755273
30987888
31007997
31021484
31211266
31419627
31430381
31499764
3153832
31609780
31673922
31676407
31778826
31876355
31896899
32057190
32076084
32108019
3211225
32144359
32164119
32291832
32307836
32335108
32400611
32509746
32562756
32650698
32656410
32663991
32754604
32917654
33006877
33224030
33353566
33449838
33539430
33707709
33724553
33862406
34027104
34056070
34113709
34195360
3434136
3438718
34425693
34549733
34692802
34754540
34875237
34905223
3490840
34918180
34944424
34967512
35010237
3502176
35101880
35165790
35226761
35344654
35416284
35486972
35734236
35739387
35775654
35829339
35883335
35921673
36011685
36079470
36102292
36119450
36264728
3630750
3636892
36407794
36435982
36451666
3657280
36676848
36855634
36915423
37092891
37103758
3715245
37242094
37412297
37461766
37631162
37822860
37839349
3792885
37954934
37972880
38062768
38174579
3818252
3819603
38243175
38381608
38437648
38440489
38442032
38507715
38526061
38565238
38760844
38878571
38951283
38974358
39376908
3941045
39668252
39713806
39826144
39920202
40274050
40293317
40390788
4040114
40518451
40533231
40677670
40704035
40960305
41074364
41080792
41185658
4123279
41363429
41529428
41594422
4183062
41919448
42152064
42270369
42363077
42651196
42724861
42813031
42832415
42944814
42979305
43003025
43048207
43165389
43216521
43258740
43377120
43377256
43382180
43541055
43612330
43736272
43871266
43879083
43943423
44167516
44191212
44204615
44363723
44367547
4448356
44485556
44486328
44709183
44728645
4477055
44809818
44891358
44980117
44986542
44989732
4505938
45133893
4524748
45282278
45430916
45439596
45452785
45454247
45463271
45732190
45866094
45929381
45957045
45992734
46035740
46232252
46243546
46363227
46455042
46562752
46629684
46912147
47178239
47189205
472432
47323025
47330407
47410435
47412099
47561864
47748282
47760998
47914242
48175921
48307443
48316192
4834131
48522057
48529620
48585623
48614128
48775794
48780253
48811032
48982929
49120315
49310401
49388582
49396231
4942956
49584583
49585204
4974882
49822737
50101693
5013527
50163053
50187913
50258406
50351768
50434778
50603403
50815167
5082619
50870003
50871027
508757
50894622
51065536
51076050
51132520
51172295
5121622
51304012
51315433
51341595
51396375
51431248
51456218
51528274
51551267
51559324
51593266
5163870
51688437
51702324
51735444
5178106
51790056
51791015
52114615
52118253
52138822
52152378
52225698
52345268
52361658
52542334
52567644
52721318
52826753
52956241
53156963
53171802
53183323
53246029
53322343
53357173
53430508
53642620
53756625
53868590
53991126
54053177
54165271
54222630
54263186
54491806
54539551
54702482
54937353
54949836
55225571
55295957
55528143
55543991
55571865
55918365
56024566
56034658
56107792
56114798
56251998
56546034
56588984
5660485
56683821
56706843
56740370
56761487
56809035
57000596
57173185
57239366
57282419
57332802
57376894
57467624
5749040
57499421
57589412
57779637
58063566
58272025
5828216
58345570
5841247
58426893
58823332
58865237
58874153
59090067
59094485
59124346
59126354
59249434
59497382
59507241
59537813
59590711
59599522
59920564
59962610
60015023
60015759
60034228
6016151
60294346
60368763
60467174
60515119
60534284
6059911
60729095
60796111
60941075
61054258
6115961
61213053
6143592
61527040
61537130
61588652
61614350
61621252
6164816
61747850
61768282
61781799
61916792
62021313
62033934
62045403
62341294
62395900
62429673
62460228
62520219
62737570
63092335
63119353
63226556
63304226
63310174
63311624
63321212
63602696
63685081
63785651
63831941
63855441
63897786
64091225
64112096
64317443
64435343
64476861
64595247
64656129
64656415
64694924
64777417
64816486
64860032
64909683
64947952
64968785
65061352
65117023
65187828
65200878
65582877
65623059
65635760
65646336
65949548
6597699
66024743
6602885
66087062
6615004
66210590
66293995
66391752
66759475
66785204
66854086
66876391
66893858
66908196
66948118
66972695
67030173
67111340
67337090
67373888
67452794
67586527
67674770
67707586
67872145
6796138
6805537
68070240
68115465
68193119
68248496
68279596
68380374
68463534
6850826
68571408
68578824
68662146
68738643
688318
688392
68914609
69098367
69151690
69170255
69348938
69457058
69632362
69695396
69727615
69738004
69847225
70018340
70021093
70247624
70297539
70323795
70473731
70538180
70666570
7070643
70719967
70860950
71015840
71144405
71683900
71737210
71781372
71960740
72002930
72007912
72121136
72155424
72320952
7233112
72382201
72490475
72568154
72579358
72617808
72652493
72902246
73168668
73256018
73314407
73343091
73416458
73459128
73583332
73588930
73615503
73667897
7380075
73855676
74071238
74072396
74124657
74126401
74144187
74213430
7429087
74296715
74405746
74601031
74714242
74817620
74908425
74947839
75014216
75059033
75076926
75176095
75226421
75338073
75383407
75412710
75490446
75599254
75795300
75901067
75958032
76185404
76216710
76226665
76274462
76297610
76380840
76562701
76601110
7667877
76699018
7682884
76845583
76882665
76979778
77388824
77401645
7742892
77454881
77456136
77534820
77893036
77914266
78052612
78118782
78136934
78142337
78284885
78440491
78461212
78614509
78673202
78764918
78817835
78833336
7885071
78866095
7888145
79081168
79101258
7925136
79318498
79384541
79403621
79714873
79722516
79752678
79772989
79778147
80018516
80023994
80200875
802396
80270725
80302718
80371493
80404039
80431620
80658183
80749477
8076115
80769421
80816893
80885531
80889048
80939221
81001028
8117558
81241836
81286573
81315727
81366500
81475691
81694434
81763141
81795675
81846615
81893764
82010908
82037717
8207129
82084631
82183725
82271304
82535121
82541111
82544149
82605003
82728843
8276141
82946665
82976969
83025425
83122517
83249076
83316897
834540
83470429
83663637
83901217
84005909
84017519
84077774
84162520
84172251
84207783
84257572
84257916
84327172
84413739
8442923
84499742
84507458
84567785
8457078
84617163
84771852
8479537
84804374
84845290
84970876
8501100
85158713
85217241
85272305
8533906
85384349
85534324
85824549
85866532
85969180
86038480
86057081
86061821
86112372
8615359
86189399
86452169
86558033
86570625
86688454
86778974
86779097
86781401
86814503
87010429
87148906
87149787
87205216
87245667
87303194
8732373
87353129
87393139
87420130
87503783
87603730
87619258
87650960
87687489
87727075
87739928
87874795
8793004
87974070
88050683
88120860
8818316
88387340
88555535
88625438
88835642
8889363
88929050
89033201
89057322
89073215
89134795
89249727
89259728
89430311
89443303
89527007
89640163
89651774
89680881
89698028
89709614
897500
89793814
89810815
89913952
90112385
90168490
9022672
90312952
90336088
9056410
90626201
90656249
90725755
90756182
91004493
91165118
91300291
9134665
91599483
91618272
91728479
91741650
91799439
9184693
9194803
91948323
91984532
92021610
92208027
92229640
92252672
92261751
92405051
92612083
92894239
92937236
92955948
93003498
93023123
93217539
93246312
93388658
93525139
93599465
93612177
93613626
93653341
93698426
93738238
93812173
93908815
93945
93961184
94564938
94597792
94975667
9509623
95250744
95281857
95314730
95570001
95587211
95677880
95719174
95883875
95922143
95936657
96066117
96244212
96249934
9626244
96276226
96395104
9640250
96427566
96538133
96562619
96685603
96686338
96758938
96796169
96803617
96841742
96855860
96879977
97070154
97091501
97215649
97266050
97342549
97581253
97662959
97695679
97975215
98053540
98206145
98498013
98560246
98609598
98622906
98664056
98866600
98887728
98976755
99039590
99050740
99093582
99112347
99146600
99186505
99227813
99322057
99378145
99586130
99591289
99696471
99866811
223171512