223171512
232381957
47323025
182673478
211056819
256274205
116695986
149654841
16858751
34195360
186868951
53322343
266628890
102833138
86570625
173357277
51791015
242103489
45992734
238476759
247986229
184551932
34056070
229969643
228750026
174176661
179940795
21721392
220941517
155751248
87687489
68380374
207710429
66854086
218279442
159679062
178830704
47410435
54263186
242413485
164976167
132945217
43258740
224188764
259774162
164012470
186044192
161415228
89651774
135565917
174773211
205934028
42363077
171884588
170327247
17298800
204102152
59124346
129888149
228218122
43003025
38951283
125989140
98560246
158819997
222529448
44728645
87874795
68070240
257224512
63226556
267654822
114112510
246186509
132909912
175059954
171298612
183679970
67707586
103866080
16499586
96758938
207073530
2462662
205829265
3715245
35883335
86558033
219116899
174649458
180838797
235205261
227863931
25701667
268150286
151582056
24508538
112203641
52152378
140422764
150588716
2220095
101844250
111861631
71144405
16264026
28813942
192990768
189327599
79403621
262799470
255775898
64968785
18048866
81286573
40274050
240011227
208510395
155279977
191631202
112762526
213416220
202383589
146565686
132077642
191875069
113137988
4448356
182766663
48316192
183574290
251200122
104311975
109126394
67030173
107359538
111602146
118001764
166247251
121779638
31007997
136733977
228952876
189878888
95570001
69170255
162299450
244364720
5121622
36855634
266754971
101972038
70323795
54539551
43612330
122342107
7380075
244017159
49584583
220696814
91599483
117976454
151598675
215067101
108525069
38760844
183540354
28177913
243513502
192867639
250307932
26676491
185268048
124653429
183933620
122346815
144358516
104186365
44485556
221927771
138016117
90112385
12969883
114231733
230172589
248918533
21300554
188806591
30253220
258480290
163141597
195690639
63831941
208601579
169623872
51396375
1601401
209191064
125700891
202094031
136551408
181816729
109234020
20385300
75059033
57499421
2158196
115927938
35416284
50815167
27801531
45957045
100751034
63785651
152723007
64909683
236597601
66972695
86814503
177900105
44167516
25019455
267045500
236606083
194152744
59920564
72121136
255225633
209442496
265267923
158958862
255819966
180404862
179928248
42270369
144963471
139968734
160562946
101656995
58345570
119570885
6164816
150126799
80200875
19793553
51172295
179058468
59126354
178481253
246524417
266299899
64777417
261456765
173383135
13655264
69695396
108726254
17533628
31211266
232230779
253815231
179125722
212932910
89709614
91799439
199568400
252599476
265810472
108802884
184369478
133494847
190806821
107204345
191806515
254258868
221267710
148666271
151303666
250887102
39920202
76380840
145385275
252915165
250210605
14620194
2600029
197127829
33862406
104732319
205931955
193977311
162378647
74947839
8117558
84077774
122263520
244573020
40518451
221510681
260042665
112833939
5749040
82544149
5841247
180081034
152791643
219609131
19088034
137896470
113089161
21908950
195404952
96562619
81763141
241191240
85272305
111401348
24300106
51790056
199169441
26342155
249033471
45463271
42944814
130717469
40677670
92208027
184739191
103109266
82541111
249385892
60015759
99322057
70297539
26376053
150980140
160379235
65117023
226770261
146997562
162510478
167970047
181859263
200940117
150770007
162115594
137859703
1021712
38974358
254275016
249797761
105885632
48585623
202076200
264684939
81475691
112788188
231559418
119416993
43943423
65061352
57589412
190058278
239766862
242677701
132220493
42832415
237326187
254663590
84207783
205623579
227731452
141594954
120860542
208776900
221790042
105170701
186254239
180858559
105479404
95587211
23681423
232578822
75383407
44986542
160050871
144339917
238067009
186306638
113693608
3041532
802396
177022199
89073215
12266435
110240712
221838863
230806918
133507676
30076578
134249334
155025681
230371749
146286545
3502176
212538064
250166446
69457058
178180666
26560916
33353566
227900619
12902589
32917654
250306057
198502163
165385505
168027442
116338306
1053997
100129671
266928645
89913952
5163870
30402542
205191089
114528942
128087541
16296677
258866153
51456218
234319108
172899293
82535121
116852930
11879409
242742981
122250298
26561571
258728522
19203425
218977202
137369140
76699018
165484508
237910519
99591289
204261120
4834131
46912147
172294936
14981796
94975667
252992028
56107792
254212856
256103477
134243622
61916792
142831977
77388824
105536147
66759475
81893764
250342731
230746686
214976973
140090951
3630750
150443403
87010429
206872929
65623059
133870799
255719702
112561311
29714622
180697429
96796169
163839425
158469348
252914588
127675025
184667698
49822737
165882582
153701623
234773269
167008645
84257572
172222095
34875237
126024396
253271696
91948323
79318498
265717955
35739387
31673922
248171302
68115465
150522033
138520534
72652493
96276226
103527084
80889048
183529952
222503787
24368760
122696324
209861272
3792885
17770470
212118547
40390788
244781122
230738140
61614350
181028911
256038496
95922143
135000266
148574400
177986609
124295942
193010836
41363429
268138160
22662141
82946665
195126898
151465029
164133241
193095742
216744958
60294346
193872401
214139300
165239619
204386730
11032859
262135510
261898927
263359028
243045725
242755886
230500949
64317443
46363227
166283379
38062768
37972880
58272025
136946569
102044019
83901217
65582877
267535679
150679864
191742060
115472892
243315726
49396231
77401645
175334539
57173185
14682990
53430508
159962137
225755817
209674887
36915423
180095589
165698268
45133893
218589573
182388885
114766349
89033201
86778974
232226602
169688520
122521836
187496578
11165321
231530432
89430311
194100380
161290945
206624475
37242094
19514618
75076926
154807257
32562756
82728843
100411590
264730359
92021610
182960869
219140486
87739928
115059714
170361574
141738728
208418066
172209451
105212560
181811525
157769796
114199918
253138994
214187119
58823332
105647912
3438718
232873007
175796319
53868590
108408088
258287253
87148906
180550220
184293294
52118253
10217485
89057322
66210590
46455042
55295957
15618957
215352276
44363723
221931407
59590711
247735160
31499764
164648429
211656169
39826144
248113558
115212170
65646336
152980798
225625364
218804602
31419627
95883875
157776946
185989384
32108019
151137631
162653886
97266050
24682607
233220290
245928014
184304625
219623778
30225099
44809818
258439744
218430715
129604154
262845006
252246037
89134795
196906774
143881321
25814410
25942580
259045082
84327172
248510696
7233112
260955709
31021484
139697406
195995101
2660551
169541117
254369652
163165657
95281857
63897786
105752956
64656129
66391752
8076115
176561891
263930915
190408455
66893858
58874153
67373888
7888145
125567781
163126651
37822860
138089773
47189205
112681172
217797097
117726495
185055830
227218048
218775062
9640250
259414804
110499509
233150288
210359639
84162520
116182805
43736272
35829339
266668075
14280407
56114798
4942956
267674101
231745977
6597699
60368763
12192134
117562787
78673202
78136934
73416458
177186741
29042851
189465500
84804374
193939201
106707652
33724553
87650960
258573281
84771852
205208966
30728775
122459812
8207129
136122109
239630864
138195734
53756625
38437648
37839349
198258875
171684013
230525704
203903474
177598191
242572061
53246029
248561303
63311624
141557088
20765267
158604969
228631952
166489301
72579358
9056410
152964711
116254304
12632689
19311528
209912908
229692719
250139690
227623256
232370543
218591070
62033934
70538180
236164519
119439843
222609836
229756529
16655625
184573175
214752227
134804202
168965610
116176442
16632199
117165373
217218123
266458663
118984208
9134665
193849193
3490840
50434778
251576432
53171802
48614128
220917571
142973638
76297610
135493943
233005387
209143606
14854304
62395900
137662040
263115731
96841742
146104935
151804777
142007557
41074364
104745428
192632503
154406711
97215649
145682140
229623599
134672368
149051196
132943324
44709183
78052612
34425693
84970876
57332802
174197497
93003498
84845290
10402253
242352047
83663637
135723627
128523224
143887802
44204615
171263787
164761526
80769421
36119450
242550598
81795675
197345653
28447921
174807816
256108968
27919514
217663926
30125102
156193240
265962661
191749053
255751543
217818764
239088651
81001028
216965858
98498013
153248869
254773076
167366135
220917113
249886171
193842667
109534700
166146413
35165790
257389776
165622030
189666684
235021827
168378060
107957200
249170007
137846706
86038480
262604540
263849065
182761441
59599522
62460228
211453876
12200153
160155475
66908196
50187913
7667877
245791551
54491806
145339847
3819603
207298259
78142337
15116552
241960448
262944410
171605524
61213053
25753953
93945
192021345
11292391
167814976
168656142
191990910
128290697
26647485
186301810
163734786
84005909
57467624
176154957
117546448
26325088
266444326
3211225
29888920
56588984
267461949
61527040
114994301
231298325
103843131
82183725
212979277
188395945
9509623
195004065
88050683
267466027
190232675
76601110
267002537
53991126
125272498
97070154
78461212
15998864
230387128
129722418
39668252
102566193
192995714
73314407
63855441
113783822
201137074
63304226
245338112
52114615
256995807
24469418
124418011
158364415
202545238
152746223
52567644
110072776
266939803
188385527
89810815
130588846
96855860
77456136
18927120
146397897
12126645
248522400
23293013
22690431
179321822
153167781
48775794
1510983
45732190
261650227
131656891
166682149
260412645
87303194
221546747
92937236
6796138
182945145
222956436
50871027
96427566
66785204
109917961
235598593
22402271
87205216
131646755
106756143
69098367
82084631
158650592
167504288
89249727
135530394
68662146
214831338
261133572
65187828
225395100
38526061
60015023
176770395
201861354
244025623
47760998
70247624
34905223
114571831
171656309
168622615
175383803
23937757
157371681
54702482
200640267
213841231
135111736
2846243
247963147
67452794
203349495
23910225
176259186
106907695
40960305
133718237
232985122
255655051
201033641
8276141
20306032
205035702
235388122
17314153
24335691
68578824
158166389
251774717
223767309
38565238
184457347
246143276
220550858
126787814
55225571
123297544
134494005
123927161
11072409
101792584
233328066
4524748
211113470
34549733
80018516
41529428
216927001
190196063
241230417
1319153
93908815
258710923
225434407
180111343
99227813
254377334
165028081
243308805
88387340
56034658
78764918
75338073
25261356
10622067
170949232
181190820
7742892
132177467
214739564
44191212
110364341
185651666
211282200
191375891
54053177
265810625
205795523
186683435
179729805
121114424
178033015
248712809
117212148
132749263
63092335
254853847
85534324
131203697
2662490
225896641
113759518
188647999
102558773
233366460
248363903
218301018
80885531
214258037
19723815
268308797
92261751
260599042
52225698
49120315
119719616
229118520
136329958
79081168
239891380
232994455
193306959
56251998
267729974
142712968
92955948
160284943
100489574
64091225
162619944
99586130
160279408
46562752
192135249
161444300
206856137
59249434
6059911
242072177
48982929
237430892
151350835
13951485
178074056
43879083
258845549
166381357
25865801
256612273
177965619
115314640
13410421
163288734
116920836
196116326
224946783
185848903
263247570
51304012
169297962
256978685
201275879
198302566
176492717
69847225
246659345
79384541
21135141
68193119
190576253
75599254
82605003
19175107
102870325
91165118
213844196
29261813
54165271
49388582
150942423
25630601
79778147
137910218
29053301
227503442
104849342
179624699
190371824
213590413
176692834
162565303
89640163
234885418
88625438
56809035
103046938
237768080
40704035
46629684
172435905
164988458
209260514
38507715
126360063
117118971
220019307
62429673
196002543
55918365
151592144
244581415
34027104
268352010
267258169
119905031
112207616
177905460
260244100
176447658
80939221
72320952
32650698
234206709
183315546
258842136
56683821
254175021
18079828
253306775
141747601
55543991
176131242
98053540
181015308
200655895
97342549
2554725
173325206
104186149
56761487
43382180
29135341
250744432
52345268
158924406
240344254
113223860
114850046
133639222
97975215
125576789
192558482
135526719
118969336
25205941
145514706
16684770
137229793
16430241
77454881
69632362
173288301
128432899
93613626
167408144
194443452
131270663
15698878
185301837
8793004
123872900
100109119
36011685
109596179
223092293
158557962
82976969
113120820
107142313
208073408
33224030
25759636
123628887
12808218
93612177
263932464
175660746
168292144
120836842
200158612
197252608
257140829
36079470
69738004
40293317
44891358
258113989
13715378
8442923
2112401
257615057
47561864
79101258
125819041
105597976
140022813
37412297
68571408
29050209
63602696
138201833
151363493
186056604
100824171
139009618
95314730
134460836
123923576
156536161
192687449
165574793
134712486
50894622
46232252
124164595
109869504
204609752
205887841
87353129
162323604
231897022
98664056
76562701
264735228
30720073
74071238
129463669
246869718
86057081
236318116
93023123
30473416
13229751
120433852
199850258
30987888
17058613
192165666
32509746
135350653
63119353
43377120
157705789
214392198
243263652
240644177
185270859
14844048
147315872
42979305
210247905
240408931
119641658
259793293
64656415
187579768
37954934
127278777
222678197
51735444
51341595
66087062
212137040
40533231
59497382
93525139
74213430
72490475
105025706
135308055
111087280
100379396
236335624
38440489
134851229
86189399
79772989
13410841
6615004
32754604
189713811
168328766
90168490
85217241
33539430
13331732
198710920
84172251
223717254
88555535
141353377
198811558
102011208
42724861
218250120
187027513
76226665
69348938
145848734
81366500
190324732
31609780
87393139
129965928
175996066
51132520
148508563
190686283
77914266
236307250
16004179
260055917
261821541
32663991
167040698
225481880
61781799
99039590
155531163
93217539
141219309
240024443
60467174
133958444
48522057
254586273
117362174
195500742
247535274
48780253
202537602
120599174
4505938
101186480
6602885
114493358
182895250
221456151
63310174
263931680
228132519
130928031
192773574
5828216
74817620
253749207
211581208
66024743
76185404
160768275
82271304
150698914
11893318
48175921
29918592
256284343
209050104
4974882
105141831
177306264
125163406
2073937
244234872
262936578
194936094
73343091
234835408
164750083
77893036
185386507
28474120
135726009
244420533
219257670
217590748
243756552
262637532
117032922
25897396
198139419
176778905
61768282
266090721
168127392
202290027
174681350
80404039
44980117
1784310
45929381
37461766
11302511
37092891
197111268
145371229
28470365
107499016
210339535
86688454
97581253
237523299
154723733
139437603
1709521
136906634
8818316
41080792
121579715
154287368
179237417
159898701
236044402
119389266
191448796
196549249
41919448
162183610
67337090
56706843
226585104
56546034
161880848
85824549
179211222
170299334
164526361
248171625
159366420
157476864
155926701
226605010
221745119
48811032
19121524
261643675
239790332
248104545
236048560
235946185
104327427
195092016
253895139
154056522
35101880
167218319
231878678
180632901
183216511
117398480
107249929
223174413
206819296
252213270
243146897
157328089
51551267
104298281
144449692
249366416
205330361
29639589
8457078
232097405
90626201
249621059
115309939
178373373
222683538
218461741
97695679
147205385
200601925
51702324
80749477
23724781
215007089
251789486
182623519
134231733
146209402
12635506
167437506
261472431
36264728
143131834
116652299
83122517
60515119
127076386
238815629
129382663
13543789
35226761
83025425
90336088
70860950
37631162
161948788
104019669
106127328
251551855
201143404
248522582
234795290
224514549
215055986
102435957
203136672
190941018
74296715