1
10
100561281
102894103
103368969
105226995
106308575
10734097
108159426
108498249
108960819
109549952
109728608
109822212
109877502
109949692
110932083
111447306
111656010
112236989
112645152
11358560
114193394
115266868
115981038
116073759
116493629
117481812
117619101
118515922
118951823
119125816
119564127
120061612
120224364
12156057
121844892
121913490
122118302
122700946
122735504
123152254
123207344
125101859
126049065
126587186
126694408
128034793
128676
128984877
129792907
130024945
130648284
130904961
133750954
135661474
137051042
137167479
13766614
137913580
138630933
13882408
139410905
140069762
140679804
141172232
141928484
142452131
142521035
142526538
143583667
14453851
144766579
144894645
14552462
145818868
146218213
146226475
146561979
147185785
14738453
14823391
148486822
148791807
148834948
151338812
151687731
154026184
155559915
155865790
156295642
156636442
157365963
157920625
157952049
159371163
16
160952528
162490810
163063114
163396688
163529588
163844876
163915792
164828683
165405677
165900509
165944618
166016643
166612351
167624815
168112902
169268420
169809420
17005077
170581029
171306336
172349881
173430617
173498823
17352439
173962729
17453217
174651024
175033155
17503619
175075635
175538490
176284919
176560075
176923698
17722448
177342207
177390346
177790485
178852012
17933849
179787206
18
180248503
180463094
180639425
181058215
181520665
182384946
183588018
183742048
186099938
186893715
187202332
187781807
188008603
188134442
189167616
189318079
191212886
191335523
191813344
191899890
192105168
193552437
19411888
19420016
194529136
194901589
195512655
195570892
195775580
195814023
19665645
198276263
198608747
198641964
199270638
199719809
199940811
199970937
2
200100539
200224345
201106588
201649176
202133918
202236360
203101007
204588719
205199628
205549980
205969409
206487841
207767313
207859977
208072179
208420590
20855617
208819849
209160231
210774054
211275521
211663547
211771052
211891191
212593437
212749850
213193960
21322531
214983053
214989640
215536809
216065373
21697956
217230968
218530560
219280721
219355412
219459577
219470991
219842389
220155198
220434013
220474164
221460096
221547627
222525089
222887222
222951075
222965086
223072681
224097803
224175095
224781536
224990165
226405762
226693927
226996028
227371539
227392348
22838547
228519116
228637407
228943914
229068291
229177495
229568464
229810375
23012196
230187346
231025416
231400093
232192915
233332503
233478890
233578163
23364456
234212745
234320679
235196899
23642660
236819934
237510938
237512301
237896999
238101809
238471772
238722197
239135148
24
240122560
24025071
240599010
241138450
241293037
242004029
242086828
242255290
243231606
24341106
243836
244001498
24443225
244718004
245986014
246569197
247391158
247999247
248690185
249107463
249925200
25
250485228
251792335
252388171
252529497
253523965
253882294
254722081
255423652
255951298
256088974
256284260
256751506
257005245
257792502
25804794
259033058
259296333
259298577
259462299
259528451
26
260975201
261622177
262574886
263972478
264431688
264596788
264892240
265094497
265140219
265462701
265537246
267311259
267360868
267434856
267471061
267493706
267530225
268057751
27364483
2859856
3
30154309
31024039
31213926
31734736
32
32533850
32944803
33502863
33709377
33778276
35072584
36113276
37247483
38825737
39120414
39129157
39457316
40
40670099
42
42179212
42504671
42621700
42666624
43
43285409
44
44382721
44782162
44874298
4568951
46
46614586
47
47434461
47435486
47629719
48
48249693
48892191
49
49516900
49570319
49823866
50328380
50457382
50653388
5079556
51
51430811
51712712
51830567
52
52396782
53876969
54641936
54775358
55227365
55284052
55543282
56
56216008
57164001
57306835
58
58337603
58987162
5979737
6
60
60656607
60790726
60941312
61
61013794
61488035
61627933
62364702
6244589
62603244
62732364
62858302
63050500
63240526
63826071
6396076
64
64003930
64841814
65
65227487
66560043
66940201
67074286
67144886
67271521
67575064
68318225
69
69039182
7
7057235
71760872
71893015
72134051
72215014
72305131
72608517
74613308
7490546
74963826
7511865
75162229
75308113
75396919
76600746
77921943
78670965
78697284
78919722
8
80
80341422
81086249
82
82542806
84
84269623
84671843
84776610
85086231
85782050
860308
86519701
87
89
89178559
90558317
90596688
90659184
91061198
92002825
92082663
92170279
92331109
93209318
93419218
93638351
93831529
94850955
94974929
97532556
97657409
9805472
98074867
98314305
98320036
98556368
99140453
9936346