100107609
100366446
100379396
100429166
100824171
100963621
101380470
101409481
101551328
101821926
101970854
102011208
102044019
102097939
102168714
102643430
102670681
102776113
102870325
102965926
103198383
103314180
103527084
103680006
103752390
103772889
103797256
103859289
103910329
104186149
104298281
104311975
104327427
104674025
104732319
104745428
104942533
105025706
105094520
105170701
105212560
105694256
10622067
106360759
106613687
106907695
107793789
108012155
108028496
108084117
10835733
108525069
108559228
108726254
108739993
108878749
109116470
109126394
109479098
109660258
109780548
109869504
110041787
110504998
111049187
111401348
11165321
111760548
111919671
112203641
112207616
112297058
112380692
112417506
112681172
112913372
113027892
113120820
113193393
113296426
11333747
113494923
113693608
113833474
114022216
114112510
11414048
114231733
114528942
114552645
114654321
114971619
11503430
115059714
115224190
115309939
115360267
115723141
115884783
116540815
116852930
116856322
116908150
116938102
117108021
117155188
117194565
117398480
117767982
117836538
117976454
118096603
118677519
118750107
11879409
11891670
11892580
118969336
119091541
11927532
119439843
11945066
119550898
119570885
119639681
119641658
119753718
119905031
120225674
120244750
120510345
120551414
120600758
120777460
12078277
12126645
121579715
121672756
12192134
12200153
122289613
122459812
122596658
1227574
123297544
123357804
123395250
123636398
123694641
123734465
123923576
12395258
124105213
124251266
12427889
124396065
124903549
125138527
125382626
125465686
125489000
125553144
125576789
125715402
125775400
125868595
125905820
126024396
12632689
126427476
127278777
127406509
127675025
127778233
128022185
1281244
128366476
128388519
12840811
128933597
12902589
129252857
129573621
129573924
129965928
130428508
130467579
130483962
130717469
130801543
130924511
130928031
131101112
131203697
131416380
13160769
131741057
131770357
131886539
131914932
132010905
132177467
132301893
132436377
132620524
132687419
133298581
13331732
133664677
133718237
133870799
133957082
133958444
134098846
134143803
134180344
134224226
134231733
134494005
134502015
134672368
134804202
134851229
134968947
135000266
135278249
135308055
135493943
135526719
135676243
135853027
135934340
136309031
136431522
13643225
136487663
136502535
13655264
136567834
136675689
136733977
137229793
137260667
137384378
137460896
137600020
137662040
137846706
137859703
137933519
137969622
138016117
138195734
13874582
13896066
139026529
139239405
139244593
139245096
139320563
139437603
139464628
139681886
139697406
139710706
139757886
140198812
140397196
140481826
140508001
140520482
140716238
140717935
140874481
141041098
141086962
141139120
141351362
141455069
141594954
141710061
141729569
141738728
141747601
141863137
142095783
142148222
14232668
142333064
142709497
142831977
142891220
142928591
142973638
143008923
143009721
143220648
143269400
143433000
143474260
143482169
144006600
144237183
144652774
144874982
145008569
145023624
145077702
14507997
145080780
145143541
145339847
145682140
145924969
14605006
14620194
14625187
146286545
146685029
146744314
146753975
146754726
147235876
147704338
14773050
147774612
14844048
148508563
148528461
148620733
14864926
148875722
148914267
149273847
149696428
150588716
150679864
150698914
150770007
150928054
151076129
151368708
151523464
151582056
151786653
152207687
152308889
152327532
152585746
15281677
152954205
153546290
153645514
153695116
154056458
154067117
154272076
154287368
15442887
154486548
154549757
154723733
155025681
155109611
155279977
155435203
155531163
155749653
155923774
156176777
156193240
156520846
156560699
156738670
156744178
156866827
157119586
157122318
157303345
15743275
157536911
157618182
157776946
157791504
157837580
158006647
158070187
158123878
158238726
158308608
158557962
158643169
158701657
158781356
158819997
158869716
159060938
15931321
159640223
159679062
159722587
159806362
159872346
159914915
160050871
1601401
160277017
160279408
160339329
160654256
16082536
1612682
161764384
162183610
162299450
162378647
162560919
16264026
162682778
162799759
16284173
162850336
162863893
163036328
163126651
163173038
163276700
163839425
164074393
164136096
164138294
16430241
164345265
164399230
164432251
164580425
164679914
16499586
165033426
165160697
16527288
165484508
165568982
165574793
165590393
165698268
165711787
165762459
165968842
166247251
166301095
166458795
16655625
166700450
16684770
167008645
167081912
167218319
167408144
16742855
167504288
167575161
168027442
168328766
168558780
168571519
168656142
16882272
168975909
169058774
169168814
169330855
169541117
169577376
169705132
170081320
170185420
170417280
170958585
170965263
17118402
171652249
171703125
171802905
172209451
172294936
172376089
172395639
172435905
172618559
17298800
173212421
173288301
173383135
173443152
173450568
173517297
173668549
173890398
174143446
17435178
174681350
175029151
175059954
175098652
175354135
175383803
175796319
176008028
176037588
176897013
17770470
177986609
178033015
178056452
178114507
178169795
178290407
178373373
178427355
1784310
178623131
178832061
179125722
179172094
179418431
179568019
179725557
179928248
179999447
180049741
180381794
180938464
181199100
181760890
182046592
18227960
182313783
182399482
182606887
182623519
182672292
18272673
182728202
182813467
182834021
182960869
183000477
183110025
183199363
183285148
183339696
183529952
183679970
183941744
184116603
18423837
184551932
184744202
184762170
185223347
185461774
186044192
186056604
186692536
186771395
186917816
187007878
187014845
187042518
187157274
187420914
187467621
187811120
188294451
188334333
188395945
188610811
188647999
188707979
188758606
188792018
18918967
189465500
189566575
189708901
189713811
189878888
19018443
190215580
19027476
190377121
19040174
19052238
190596363
190720299
190762990
190884495
190885008
190982580
191375891
191448796
191631202
19168630
191742060
19175107
191797673
191806515
191875069
192015782
19203425
192108457
192165666
192187212
192230628
192340150
192508617
192595419
192624690
192867639
193010836
193066170
193306959
193470654
193644607
193719151
194211515
194259603
194274103
194275341
194579660
194678986
194716661
194936094
195126898
195255845
195257135
195309538
195328936
195503758
19556478
19557526
195578274
195850091
195995101
196002543
196140726
196586887
196866460
197125921
197428060
197437379
197442082
197446081
197767758
198047002
19838377
198456295
198781812
198784649
198952902
199042933
199479919
199656671
19992352
200038087
200195782
200260489
200283592
200299680
200364635
200658877
200940117
201471727
201581593
201861354
201965048
20217687
202584525
202601931
202741093
202819681
20286450
202914264
203136672
203210805
203574167
203740140
203911799
204609752
20505636
205330361
205569932
205583232
205623579
205640388
20581198
20582073
205887841
205901623
205905957
206353472
206624475
206852524
206859039
206872929
207104173
207153890
207298259
207509345
2075734
207642880
207710429
207800163
208073408
208222736
208601579
208633896
208841288
208994718
209108520
209191064
209260514
209442496
20951863
209652825
209810393
209856629
209861272
210024356
210325361
210335539
210441254
210449969
210498199
210552515
210996601
211093642
2112401
211246743
211369582
211656169
211865647
211929846
211993338
212088451
212312240
21258795
212722503
212793760
212932910
212938300
212954068
21300554
213219009
213352925
213355581
213497682
213534587
213716711
213968176
213975527
21400152
214052241
214195982
214392198
214850482
214924547
215017664
215034957
215067101
215188671
215292438
215352276
21584647
215855726
215869620
215885673
215985037
216058784
216475647
21721392
217348513
217464326
217499677
21750557
21760889
217654065
217663926
217714548
217782631
21793852
217963806
21799346
218102501
21834506
218357204
218397517
218472436
218574884
218591070
218739991
218804602
218875936
218977202
218993643
219009295
219116899
219257670
219264717
219329574
219648726
219830343
219835868
220296051
220435475
220581558
220696814
220917113
220962071
221233395
221510681
221546747
221658758
221927771
221931407
222057841
222306780
222363001
222823313
223034513
223320679
223461039
223466122
223509384
223661440
223758136
22402650
224243231
224318999
224953585
225076666
225156927
225282692
225395100
225440224
225514082
225534734
225542774
225552861
225625364
225813453
225896641
225949320
226005344
226030794
226395183
226456811
226489506
226568699
226585104
226688376
226740148
227035642
227069855
227111018
227304319
22746514
227578526
227623256
227637787
227709040
227711990
227930434
227932376
228046479
228109909
228218122
228306932
228585453
228911382
229125350
229231408
229307509
229474891
229623599
229692719
229716564
229795733
229918557
230077967
230172589
230196705
230371749
230439760
230754131
231108584
231332257
231530432
231564955
231745977
231777099
231897022
232059361
232089831
232230779
232271205
232369496
232370543
232375517
232447163
232657345
232708534
232780422
232921403
232929201
232994455
233171893
233770304
233878870
234035749
234200091
234835408
234926743
234936942
235104758
235307481
235598593
235621955
235820813
235946185
236048560
236114764
236181779
236307250
236315444
236335624
236597601
236709913
236883377
236988188
237057885
23724781
237326187
237506974
237510133
237768080
237997752
238319378
2384218
238422742
238512011
238580304
238820574
238822539
238887550
23888765
238928573
239088651
23942232
239483186
239541365
239630864
239891380
240344254
240408931
24065959
241033249
241191240
241572127
241631290
241972973
242103489
242135387
242352047
242550598
242668651
242742981
242856395
242946480
243043295
243045725
243048860
243058425
243146897
243308805
243513502
24368760
243777228
243918241
243942631
244010498
244025623
244042144
244137498
244458837
244467916
244565044
24469418
244900198
24508538
24509453
245095830
245338112
245535958
245763033
245791551
245964136
246143276
246477625
246524417
246724659
247535274
247592867
247963147
248171302
248216452
248362443
248363903
248918533
248961749
249350212
249357391
249385892
249574082
249619447
249867186
250148504
25019455
250283223
250306057
250307932
250342731
250459232
250524718
250618923
250728055
250788895
250810042
250902641
250902751
25098796
251264045
251271524
251551855
251774717
25183126
252191389
252578648
25277955
252914588
25300628
253138994
253141411
253306775
253322872
253344697
253753089
253815231
253895139
254124519
25415827
254315701
254369652
254414219
254586273
254663590
254767380
254853847
254927817
255187384
2554725
255668579
255719702
255735368
255819966
256399434
256475667
256481275
256513242
256612273
256694069
256978685
257224512
257332343
2573841
25759636
257971992
25814410
258480290
258543568
258728522
25897396
258990682
25899488
259045082
259186184
259235803
259323025
259478608
259615387
259664629
259774162
259839855
259873632
2600029
260007829
260055917
260057706
260266955
260581901
260599042
260667037
260931523
260955709
261012901
261133572
261245968
261388052
261412107
26144405
261472431
261518380
261643675
261650227
261746387
261946333
262107535
262135510
262180898
262249654
262503856
262757568
262758539
262845006
262927607
262937976
263025840
263243093
263247570
26325088
263260919
263283423
263674103
263849065
264318908
26455482
264684939
2650301
265171415
265247775
265267923
26536230
26561571
265717955
265895755
265958943
266058413
266134494
266243490
266354255
266444326
266446661
266475107
266587656
266588944
266628890
266783867
266800682
267002537
267015535
267228519
267429204
267512931
267687427
268268054
2682912
268352010
26934355
269951
27316259
27583120
2773431
2812937
28470365
28610228
28626794
28813942
28859606
28867622
29042851
29047616
2959466
29717500
29897030
29937726
30047844
30198645
30399274
30565676
30580119
30755273
31211266
31430381
3153832
31673922
31676407
31778826
31876355
31896899
32057190
32076084
32144359
32164119
32291832
32307836
32335108
32400611
32650698
32656410
32917654
33006877
33353566
33449838
33539430
33707709
33724553
34056070
34113709
3434136
34425693
34549733
34692802
34754540
34875237
34918180
34944424
34967512
35010237
3502176
35101880
35344654
35416284
35486972
35734236
35775654
35921673
36102292
3636892
36407794
36435982
36451666
3657280
36676848
37103758
37242094
37839349
3792885
37972880
38174579
3818252
3819603
38243175
38381608
38440489
38442032
38526061
38878571
38951283
38974358
39376908
3941045
39668252
39713806
39826144
40274050
40293317
4040114
41080792
41185658
4123279
41594422
4183062
42152064
42270369
42651196
42813031
42944814
43048207
43165389
43216521
43377256
43541055
43871266
43943423
44363723
44367547
44486328
4477055
44809818
44980117
44986542
44989732
4505938
4524748
45282278
45430916
45439596
45452785
45454247
45866094
46035740
46243546
46455042
46562752
46629684
46912147
47178239
472432
47323025
47330407
47410435
47412099
47748282
47914242
48175921
48307443
4834131
48529620
48585623
48614128
48982929
49310401
49388582
49585204
4974882
49822737
50101693
5013527
50163053
50258406
50351768
50434778
50603403
5082619
50870003
508757
50894622
51065536
51076050
5121622
51315433
51396375
51431248
51456218
51528274
51559324
51593266
51688437
51702324
51735444
5178106
52118253
52138822
52225698
52361658
52542334
52721318
52826753
52956241
53156963
53183323
53246029
53357173
53430508
53642620
53991126
54165271
54222630
54937353
54949836
55225571
55528143
55571865
56024566
56251998
5660485
56740370
56761487
56809035
57000596
57239366
57282419
57332802
57376894
57467624
57499421
57779637
58063566
5828216
58345570
58426893
58865237
59090067
59094485
59507241
59537813
59962610
60034228
6016151
60534284
60729095
60796111
60941075
61054258
6115961
6143592
61537130
61588652
61621252
61747850
62021313
62045403
62341294
62520219
62737570
63311624
63321212
63685081
63785651
64112096
64317443
64435343
64476861
64595247
64694924
64816486
64860032
64947952
64968785
65200878
65635760
65949548
66024743
66210590
66293995
66876391
66948118
67111340
67452794
67586527
67674770
67872145
6805537
68248496
68279596
68463534
6850826
68571408
68738643
688318
688392
68914609
69151690
69170255
69727615
69738004
70018340
70021093
70473731
70666570
7070643
70719967
70860950
71015840
71144405
71683900
71737210
71781372
71960740
72002930
72007912
72155424
72320952
7233112
72382201
72568154
72579358
72617808
72902246
73168668
73256018
73343091
73459128
73583332
73588930
73615503
73667897
73855676
74072396
74124657
74126401
74144187
7429087
74405746
74601031
74714242
74908425
75014216
75059033
75176095
75226421
75383407
75412710
75490446
75795300
75901067
75958032
76216710
76274462
76297610
76380840
7682884
76845583
76882665
76979778
77388824
77401645
77534820
77893036
78118782
78284885
78440491
78614509
78817835
78833336
7885071
78866095
7888145
7925136
79384541
79714873
79722516
79752678
79778147
80023994
80270725
80302718
80371493
80431620
80658183
80749477
80816893
8117558
81241836
81315727
81366500
81694434
81763141
81795675
81846615
81893764
82010908
82037717
82271304
82535121
82544149
83025425
83249076
83316897
834540
83470429
83901217
84017519
84162520
84257916
84413739
84499742
84507458
84567785
84617163
8479537
8501100
85158713
8533906
85384349
85866532
85969180
86061821
86112372
8615359
86452169
86688454
86779097
86781401
86814503
87149787
87245667
8732373
87393139
87420130
87503783
87603730
87619258
87650960
87727075
87874795
87974070
88120860
88555535
88835642
8889363
88929050
89073215
89259728
89443303
89527007
89680881
89698028
89709614
897500
89793814
89913952
9022672
90312952
90656249
90725755
90756182
91004493
91300291
91599483
91618272
91728479
91741650
9184693
9194803
91984532
92021610
92229640
92252672
92261751
92405051
92612083
92894239
92937236
93246312
93388658
93599465
93612177
93653341
93698426
93738238
93812173
93961184
94564938
94597792
95250744
95281857
95570001
95677880
95719174
95936657
96066117
96244212
96249934
9626244
96395104
96538133
96685603
96686338
96803617
96841742
96879977
97091501
97215649
97662959
97695679
97975215
98206145
98609598
98622906
98866600
98887728
98976755
99050740
99093582
99112347
99146600
99186505
99227813
99378145
99586130
99591289
99696471
99866811